08425139
08425142
08425141
08425141
08425138
08425137
08425139
08425142
08425142
08425144
08425144
08425145
08425145
08425141
08425137
08425138
08425140
08425140
08425140
08425140
08425143
08425141
08425141
08425142
08425142
08425146
08425143
08425145
08425139
08425141
08425143
08425145
08425143
08425141
08425144
08425141
08425140
08425141
08425141
08425138
08425140
08425141
08425140
08425139
08425143
08425141
08425140
08425142
08425144
08425144
08425142
08425139
08425147
08425145
08425140
08425142
08425142
08425144
08425148
08425145
08425148
08425148
08425149
08425145
08425144
08425144
08425147
08425148
08425147
08425147
08425146
08425141
08425141
08425146
08425145
08425147
08425146
08425146
08425147
08425144
08425141
08425141
08425145
08425148
08425146
08425147
08425146
08425148
08425146
08425146
08425147
08425145
08425147
08425147
08425148
08425143
08425143
08425141
08425139
08425143
08425142
08425144
08425140
08425141
08425140
08425137
08425137
08425145
08425148
08425145
08425142
08425147
08425146
08425145
08425144
08425143
08425143
08425145
08425144
08425144
08425140
08425143
08425140
08425140
08425147
08425145
08425143
08425147
08425143
08425142
08425143
08425139
08425140
08425143
08425141
08425139
08425143
08425144
08425143
08425142
08425142
08425147
08425145
08425144
08425145
08425142
08425139
08425134
08425134
08425137
08425139
08425141
08425139
08425136
08425138
08425136
08425135
08425131
08425132
08425132
08425132
08425133
08425134
08425133
08425131
08425133
08425130
08425125
08425125
08425127
08425127
08425126
08425124
08425125
08425124
08425123
08425128
08425123
08425121
08425124
08425122
08425122
08425124
08425128
08425132
08425131
08425128
08425130
08425130
08425130
08425130
08425133
08425133
08425126
08425122
08425122
08425123
08425126
08425127
08425127
08425123
08425739
08474907
08697574
08900982
08966906
08973397
08965644
08958408
08954141
08954391
08952776
08950086
08944141
08938332
08936585
08935049
08932584
08926550
08920753
08915040
08907655
08900245
08903723
08886282
08809125
08727662
08674616
08641278
08616772
08595720
08576629
08560520
08546456
08533204
08520676
08509256
08498946
08489715
08481663
08475863
08470765
08463316
08454453
08447571
08442809
08439352
08436378
08433844
08431623
08429890
08428507
08427341
08426502
08425799
08425313
08425093
08425074
08425080
08425085
08425089
08425088
08425091
08425096
08425094
08425090
08425095
08425096
08425097
08425096
08425096
08425096
08425096
08425095
08425092
08425093
08425095
08425096
08425096
08425093
08425091
08425092
08425094
08425097
08425095
08425090
08425093
08425097
08425102
08425103
08425102
08425102
08425100
08425096
08425102
08425105
08425103
08425104
08425103
08425095
08425100
08425101
08425096
08425099
08425106
08425103
08425095
08425098
08425103
08425102
08425104
08425105
08425106
08425101
08425100
08425107
08425112
08425106
08425103
08425102
08425100
08425102
08425105
08425109
08425108
08425110
08425103
08425098
08425100
08425100
08425100
08425101
08425107
08425109
08425106
08425106
08425106
08425103
08425102
08425101
08425102
08425101
08425103
08425102
08425103
08425105
08425101
08425101
08425104
08425103
08425104
08425103
08425103
08425103
08425098
08425104
08425108
08425107
08425106
08425100
08425103
08425105
08425106
08425102
08425104
08425102
08425102
08425106
08425104
08425107
08425101
08425100
08425101
08425104
08425104
08425101
08425101
08425102
08425100
08425102
08425106
08425106
08425105
08425107
08425102
08425099
08425101
08425099
08425096
08425100
08425100
08425098
08425101
08425107
08425107
08425110
08425109
08425107
08425102
08425102
08425103
08425103
08425106
08425106
08425100
08425104
08425102
08425102
08425110
08425109
08425102
08425101
08425106
08425111
08425111
08425103
08425103
08425103
08425100